3e

[[#vectorz/matrix [[0.0,1.0,2.0],
                   [1.0,0.0,2.0],
                   [2.0,2.0,2.0]] 
  #vectorz/matrix [[0.0,1.0,2.0],
                   [1.0,1.0,1.0],
                   [2.0,1.0,0.0]]] 

 [#vectorz/matrix [[0.0,1.0,2.0],
                   [1.0,1.0,1.0],
                   [2.0,1.0,1.0]] 
  #vectorz/matrix [[0.0,1.0,2.0],
                   [1.0,2.0,2.0],
                   [2.0,2.0,2.0]]] 

 [#vectorz/matrix [[0.0,1.0,2.0],
                   [1.0,1.0,1.0],
                   [2.0,1.0,2.0]] 
  #vectorz/matrix [[0.0,1.0,2.0],
                   [1.0,1.0,2.0],
                   [2.0,2.0,2.0]]] 

 [#vectorz/matrix [[0.0,1.0,2.0],
                   [1.0,1.0,1.0],
                   [2.0,2.0,2.0]]] 

 [#vectorz/matrix [[0.0,1.0,2.0],
                   [1.0,1.0,2.0],
                   [2.0,1.0,2.0]]] 

 [#vectorz/matrix [[0.0,1.0,2.0],
                   [1.0,1.0,2.0],
                   [2.0,2.0,1.0]] 
  #vectorz/matrix [[0.0,1.0,2.0],
                   [1.0,2.0,1.0],
                   [2.0,1.0,2.0]]] 

 [#vectorz/matrix [[0.0,1.0,2.0],
                   [1.0,2.0,0.0],
                   [2.0,0.0,1.0]]]]

---------------------------------------------------

3j

[[#vectorz/matrix [[0.0,1.0,2.0],
                   [1.0,1.0,1.0],
                   [2.0,1.0,0.0]]] 

 [#vectorz/matrix [[0.0,1.0,2.0],
                   [1.0,1.0,1.0],
                   [2.0,1.0,1.0]]] 

 [#vectorz/matrix [[0.0,1.0,2.0],
                   [1.0,1.0,1.0],
                   [2.0,1.0,2.0]] 
  #vectorz/matrix [[0.0,1.0,2.0],
                   [1.0,1.0,2.0],
                   [2.0,2.0,2.0]]] 

 [#vectorz/matrix [[0.0,1.0,2.0],
                   [1.0,1.0,2.0],
                   [2.0,2.0,1.0]]]]
